music = 0.043252595
sound = 0.7820069
locale = ru_RU
